%YAML:1.0
K: !!opencv-matrix
   rows: 3
   cols: 3
   dt: d
   # serial 000476415312
   data: [971.578125,   0., 1022.449585,
          0., 971.594238, 778.467773,
          0.,   0.     ,   1.    ]

   # broken kinect
   # data: [984.822632,   0., 1020.586365,
   #        0., 984.730103, 780.647827,
   #        0.,   0.     ,   1.    ]
