%YAML:1.0
K: !!opencv-matrix
   rows: 3
   cols: 3
   dt: d
   data: [984.822632,   0., 1020.586365,
          0., 984.730103, 780.647827,
          0.,   0.     ,   1.    ]
